663 1312 
664 1314 
664 1315 
664 1316 
664 1317 
665 1314 
665 1317 
665 1316 
665 1322 
666 1323 
666 1324 
666 1325 
666 1326 
668 1351 
668 1352 
668 1353 
668 1354 
669 1355 
669 1356 
669 1357 
670 1314 
670 1369 
670 1316 
671 1370 
673 1371 
673 1372 
673 1373 
674 1376 
674 1375 
674 1377 
675 1383 
676 1384 
677 1385 
677 1386 
677 1387 
679 1399 
683 1401 
683 1402 
683 1403 
683 1404 
683 1405 
684 1409 
684 1410 
684 1411 
684 1412 
684 1413 
685 1417 
686 1418 
686 1419 
686 1420 
686 1421 
686 1422 
687 1384 
687 1423 
689 1355 
689 1424 
689 1425 
689 1426 
689 1427 
689 1428 
689 1368 
690 1431 
691 1432 
691 1433 
691 1434 
691 1435 
692 1417 
692 1436 
695 1437 
695 1438 
695 1439 
695 1440 
695 1441 
696 1446 
697 1447 
697 1448 
699 120  
699 284  
699 280  
699 1450 
699 15   
699 1454 
699 279  
699 1455 
699 211  
699 1449 
700 1466 
701 1244 
701 1451 
701 20   
701 1310 
701 1452 
701 1453 
701 1454 
701 1249 
701 1311 
701 1456 
701 1457 
701 1458 
701 1459 
701 1312 
702 1455 
702 1456 
702 1460 
702 1461 
702 1462 
702 1463 
702 1464 
702 1465 
702 1466 
702 1467 
702 1468 
703 1457 
703 1469 
704 1458 
704 1470 
704 1471 
704 1472 
704 1473 
704 1474 
704 85   
